"RANK"	"TEAM"	"GP"	"W"	"L"	"WIN."	"MIN"	"PTS"	"FGM"	"FGA"	"FG."	"X3PM"	"X3PA"	"X3P."	"FTM"	"FTA"	"FT."	"OREB"	"DREB"	"REB"	"AST"	"TOV"	"STL"	"BLK"	"BLKA"	"PF"	"PFD"	"X..."
"1"	1	"Milwaukee Bucks"	65	53	12	0.815	48.2	118.6	43.5	91.2	47.7	13.7	38.6	35.6	17.8	24	74.2	9.5	42.2	51.7	25.9	14.9	7.4	6	4.6	19.2	21.3	11.3
"2"	2	"Los Angeles Lakers"	63	49	14	0.778	48.2	114.3	42.9	88.6	48.5	11.2	31.4	35.5	17.3	23.7	73	10.6	35.5	46.1	25.9	15.1	8.6	6.8	3.7	20.6	21.4	7.4
"3"	3	"Toronto Raptors"	64	46	18	0.719	48.3	113	40.6	88.5	45.8	13.8	37	37.1	18.1	22.6	80	9.7	35.5	45.2	25.4	14.4	8.8	4.9	5.3	21.5	20	6.5
"4"	4	"LA Clippers"	64	44	20	0.688	48.2	116.2	41.6	89.7	46.4	12.2	33.2	36.6	20.8	26.2	79.2	11	37	48	23.8	14.8	7.1	5	4.9	22	22.8	6.5
"5"	5	"Boston Celtics"	64	43	21	0.672	48.4	113	41.2	89.6	45.9	12.4	34.2	36.3	18.3	22.8	80.1	10.7	35.3	46	22.8	13.6	8.3	5.6	5.6	21.4	20.6	6.2
"6"	6	"Denver Nuggets"	65	43	22	0.662	48.5	110.4	41.8	88.9	47.1	10.9	30.4	35.8	15.9	20.5	77.5	10.8	33.5	44.3	26.5	13.7	8.1	4.6	4.5	20	20	3
"7"	7	"Utah Jazz"	64	41	23	0.641	48.1	111	40.1	84.6	47.5	13.2	34.4	38.3	17.6	22.8	77.2	8.8	36.3	45.1	22.2	14.9	5.9	4	4.6	20	20.6	3.2
"8"	8	"Miami Heat"	65	41	24	0.631	48.7	112.2	39.6	84.4	47	13.4	34.8	38.3	19.5	25.1	77.8	8.5	36	44.5	26	14.9	7.4	4.5	4.2	20.4	21.5	3.2
"9"	9	"Houston Rockets"	64	40	24	0.625	48.2	118.1	41.1	90.7	45.4	15.4	44.3	34.8	20.5	26	78.7	10.4	34.6	44.9	21.5	14.7	8.5	5.1	4.9	21.6	20.8	3.8
"10"	9	"Oklahoma City Thunder"	64	40	24	0.625	48.3	110.8	40.3	85.1	47.3	10.4	29.3	35.5	19.8	24.8	79.7	8.1	34.6	42.7	21.9	13.5	7.6	5	4.1	18.8	22.8	2.5
"11"	11	"Indiana Pacers"	65	39	26	0.6	48.3	109.3	42.2	88.4	47.7	10	27.5	36.3	15.1	19.1	78.7	8.8	34	42.8	25.9	13.1	7.2	5.1	4.5	19.6	18.6	1.9
"12"	11	"Philadelphia 76ers"	65	39	26	0.6	48.2	109.6	40.8	87.7	46.5	11.4	31.6	36.2	16.6	22.1	75.2	10.4	35.1	45.5	25.9	14.2	8.2	5.4	3.9	20.6	20.3	2.2
"13"	13	"Dallas Mavericks"	67	40	27	0.597	48.3	116.4	41.6	90	46.2	15.3	41.5	36.9	17.9	23.1	77.3	10.6	36.4	47	24.5	12.8	6.3	5	4	19	20.8	6
"14"	14	"Memphis Grizzlies"	65	32	33	0.492	48.1	112.6	42.8	91	47	10.9	31.1	35.2	16.2	21.3	76.1	10.4	36.3	46.7	27	15.3	8	5.6	5.3	20.8	19.7	-1.1
"15"	15	"Brooklyn Nets"	64	30	34	0.469	48.6	110.8	40	90	44.4	12.9	37.9	34	18	24.1	74.4	10.8	37.6	48.5	24	15.5	6.5	4.6	5.3	20.7	20.9	-0.6
"16"	16	"Orlando Magic"	65	30	35	0.462	48.1	106.4	39.2	88.8	44.2	10.9	32	34.1	17	22.1	77	10.4	34.2	44.5	24	12.6	8.4	5.7	4.8	17.6	19.2	-1
"17"	17	"Portland Trail Blazers"	66	29	37	0.439	48.2	113.6	41.9	90.9	46.1	12.6	33.8	37.2	17.3	21.7	79.8	10.1	35.4	45.5	20.2	13	6.1	6.2	5	21.4	19.7	-1.6
"18"	18	"New Orleans Pelicans"	64	28	36	0.438	48.5	116.2	42.6	92.2	46.2	14	37.6	37.2	16.9	23.2	72.9	11.2	35.8	47	27	16.2	7.6	5.1	4.8	21	20.6	-0.8
"19"	18	"Sacramento Kings"	64	28	36	0.438	48.5	109	40.4	87.8	45.9	12.6	34.7	36.4	15.6	20.3	76.9	9.6	32.9	42.5	23.4	14.4	7.6	4.2	4.3	21.9	19.3	-1.9
"20"	20	"San Antonio Spurs"	63	27	36	0.429	48.6	113.2	42	89.5	47	10.7	28.7	37.1	18.4	22.8	80.9	8.8	35.6	44.4	24.5	12.3	7.2	5.5	4.4	19.2	19.7	-1.8
"21"	21	"Phoenix Suns"	65	26	39	0.4	48.2	112.6	40.8	87.8	46.4	11.2	31.7	35.3	19.8	24	82.6	9.8	33.3	43.1	27.2	15.1	7.8	4	5.6	22.1	22.8	-1.4
"22"	22	"Washington Wizards"	64	24	40	0.375	48.2	115.6	41.9	91	46.1	12.3	33.1	37.2	19.5	24.8	78.7	10.1	31.6	41.7	25.3	14.1	8.1	4.3	5	22.6	22.4	-4
"23"	23	"Charlotte Hornets"	65	23	42	0.354	48.5	102.9	37.3	85.9	43.4	12.1	34.3	35.2	16.2	21.6	74.8	11	31.8	42.8	23.8	14.6	6.6	4.1	5	18.8	20.6	-6.8
"24"	24	"Chicago Bulls"	65	22	43	0.338	48.2	106.8	39.6	88.6	44.7	12.2	35.1	34.8	15.5	20.5	75.5	10.5	31.4	41.9	23.2	15.5	10	4.1	5.9	21.8	19.2	-3.1
"25"	25	"New York Knicks"	66	21	45	0.318	48.4	105.8	40	89.3	44.7	9.6	28.4	33.7	16.3	23.5	69.4	12	34.5	46.5	22.1	14.3	7.6	4.7	5	22.2	19.8	-6.5
"26"	26	"Detroit Pistons"	66	20	46	0.303	48.4	107.2	39.3	85.7	45.9	12	32.7	36.7	16.6	22.4	74.3	9.8	32	41.7	24.1	15.3	7.4	4.5	5.6	19.7	19.8	-3.6
"27"	27	"Atlanta Hawks"	67	20	47	0.299	48.6	111.8	40.6	90.6	44.9	12	36.1	33.3	18.5	23.4	79	9.9	33.4	43.3	24	16.2	7.8	5.1	6.4	23.1	21	-8
"28"	28	"Minnesota Timberwolves"	64	19	45	0.297	48.6	113.3	40.4	91.6	44.1	13.3	39.7	33.6	19.1	25.4	75.3	10.5	34.3	44.8	23.8	15.3	8.7	5.7	5.5	21.4	21.6	-4.3
"29"	29	"Cleveland Cavaliers"	65	19	46	0.292	48.4	106.9	40.3	87.9	45.8	11.2	31.8	35.1	15.1	19.9	75.8	10.8	33.4	44.2	23.1	16.5	6.9	3.2	6.3	18.3	19.6	-7.9
"30"	30	"Golden State Warriors"	65	15	50	0.231	48.4	106.3	38.6	88.2	43.8	10.4	31.3	33.4	18.7	23.2	80.3	10	32.9	42.8	25.6	14.9	8.2	4.6	4.9	20.1	20.1	-8.7
